29 28
1 1 1 1 1 1 1 1 1 1 1 1 1 1 1 1 1 1 1 1 1 1 1 1 1 1 1 1 
1 0 0 0 0 0 0 0 0 0 0 0 0 1 1 0 0 0 0 0 0 0 0 0 0 0 0 1 
1 0 1 1 1 1 0 1 1 1 1 1 0 1 1 0 1 1 1 1 1 0 1 1 1 1 0 1 
1 0 1 0 0 1 0 1 0 0 0 1 0 1 1 0 1 0 0 0 1 0 1 0 0 1 0 1 
1 0 1 0 0 1 0 1 0 0 0 1 0 1 1 0 1 0 0 0 1 0 1 0 0 1 0 1 
1 0 1 1 1 1 0 1 1 1 1 1 0 1 1 0 1 1 1 1 1 0 1 1 1 1 0 1 
1 0 0 0 0 0 0 0 0 0 0 0 0 0 0 0 2 2 2 2 2 0 0 0 0 0 0 1 
1 0 1 1 1 1 0 1 1 0 1 1 1 1 1 1 1 1 2 1 1 0 1 1 1 1 0 1 
1 0 1 1 1 1 0 1 1 0 1 1 1 1 1 1 1 1 2 1 1 0 1 1 1 1 0 1 
1 0 0 0 0 0 0 1 1 0 0 0 0 1 1 2 2 2 2 1 1 0 0 0 0 0 0 1 
1 1 1 1 1 1 0 1 1 1 1 1 0 1 1 0 1 1 1 1 1 0 1 1 1 1 1 1 
0 0 0 0 0 1 0 1 1 1 1 1 0 1 1 0 1 1 1 1 1 0 1 0 0 0 0 0 
0 0 0 0 0 1 0 1 1 0 0 0 0 0 0 0 0 0 0 1 1 0 1 0 0 0 0 0 
0 0 0 0 0 1 0 1 1 0 1 1 1 -842150451 -842150451 1 1 1 0 1 1 0 1 0 0 0 0 0 
1 1 1 1 1 1 0 1 1 0 1 0 0 0 6 5 0 1 0 0 0 0 1 1 1 1 1 1 
0 0 0 0 0 0 0 0 0 0 1 0 8 7 0 0 0 1 0 1 1 0 0 0 0 0 0 0 
1 1 1 1 1 1 0 1 1 0 1 1 1 1 1 1 1 1 0 1 1 0 1 1 1 1 1 1 
0 0 0 0 0 1 0 1 1 0 0 0 0 0 0 0 0 0 0 1 1 0 1 0 0 0 0 0 
1 1 1 1 1 1 0 1 1 0 1 1 1 1 1 1 1 1 0 1 1 0 1 1 1 1 1 1 
1 0 0 0 0 0 0 0 0 0 0 0 0 1 1 0 0 0 0 0 0 0 0 0 0 0 0 1 
1 0 1 1 1 1 0 1 1 1 1 1 0 1 1 0 1 1 1 1 1 0 1 1 1 1 0 1 
1 0 1 1 1 1 0 1 1 1 1 1 0 1 1 0 1 1 1 1 1 0 1 1 1 1 0 1 
1 0 0 0 1 1 0 0 0 0 0 0 0 0 9 0 0 0 0 0 0 0 1 1 0 0 0 1 
1 1 1 0 1 1 0 1 1 0 1 1 1 1 1 1 1 1 0 1 1 0 1 1 0 1 1 1 
1 1 1 0 1 1 0 1 1 0 1 1 1 1 1 1 1 1 0 1 1 0 1 1 0 1 1 1 
1 0 0 0 0 0 0 1 1 0 0 0 0 1 1 0 0 0 0 1 1 0 0 0 0 0 0 1 
1 0 1 1 1 1 1 1 1 1 1 1 0 1 1 0 1 1 1 1 1 1 1 1 1 1 0 1 
1 0 0 0 0 0 0 0 0 0 0 0 0 0 0 0 0 0 0 0 0 0 0 0 0 0 0 1 
1 1 1 1 1 1 1 1 1 1 1 1 1 1 1 1 1 1 1 1 1 1 1 1 1 1 1 1 
